index,用户ID,商品ID,times
0,1007991019648649984,1062636078532460032,1
1,1009247663472839936,1062636078532460032,2
2,1009247663472839936,1067816065782840064,8
3,1011202127314349952,930020311925067008,1
4,1016882573721270016,1062636078532460032,1
5,1016989173031170048,1063334104817270016,1
6,1021946974329440000,1057119644821810048,1
7,1021946974329440000,930022039676324992,1
8,1024699329932230016,1063340225477020032,1
9,1025239821497469952,1067816065782840064,1
10,1025239821497469952,1072325448805970048,2
11,1025239821497469952,1079979285209479936,1
12,1043136061811779968,1074911558212060032,1
13,1043136061811779968,1076114626446429952,1
14,1043136061811779968,1077416131820579968,1
15,1044863615396540032,1063098050990370048,2
16,1044863615396540032,1063334104817270016,2
17,1044863615396540032,930021583843560960,2
18,1045174449410739968,1076027018739510016,1
19,1045180143618819968,1078878841011760000,1
20,1045189752291129984,1079213286902269952,2
21,1045200479479459968,1063340225477020032,1
22,1045201267798899968,1054904167261340032,1
23,1045209977136940032,1063340225477020032,1
24,1045235629030439936,1062636078532460032,1
25,1045235629030439936,1072352278325820032,1
26,1045342673972560000,1079988697420589952,1
27,1045455661551389952,1072767600983869952,1
28,1045553361550640000,1078878841011760000,1
29,1046016020939079936,1076114626446429952,1
30,1046679757060640000,1063340225477020032,1
31,1047630929875500032,1072767600983869952,1
32,1049210798463840000,1071233934872870016,1
33,1049210798463840000,1072054676204089984,1
34,1049214892062599936,1079988697420589952,2
35,1049215742419990016,1073513010564230016,2
36,1049215917758680064,1070189984758169984,1
37,1049216911963910016,1063340225477020032,1
38,1049217744994630016,1072352278325820032,1
39,1049219130058669952,1077418014194860032,1
40,1049220285627170048,1079988697420589952,1
41,1049224218286290048,1072765952437849984,1
42,1049225850134790016,1072325448805970048,1
43,1049230933400550016,1079979285209479936,1
44,1049231613964120064,1078878841011760000,1
45,1049239101610460032,1072767600983869952,1
46,1049241106559069952,1076027018739510016,1
47,1049241106559069952,1079218767259570048,1
48,1049241351711949952,1072045513977689984,1
49,1049243039415990016,1062343120067299968,1
50,1049243039415990016,1063322720062729984,1
51,1049243039415990016,1076114626446429952,1
52,1049246715366930048,1071233934872870016,1
53,1049246715366930048,1074115973322179968,1
54,1049252681575629952,1076114626446429952,1
55,1049254517288269952,1071233934872870016,1
56,1049255592812669952,1079988697420589952,1
57,1049258696023010048,1063719142226460032,1
58,1049258696023010048,1082315993301190016,1
59,1050633681329260032,1072767600983869952,1
60,1050647944454269952,930021583843560960,1
61,1050650573611789952,925980941496684032,1
62,1050652841144809984,1076114626446429952,1
63,1050654674294729984,1074173594280460032,1
64,1050659297042690048,1072054676204089984,2
65,1050667235648009984,1063340225477020032,1
66,1050667235648009984,1067816065782840064,1
67,1050670448610700032,1076114626446429952,1
68,1050675051788039936,1076114626446429952,1
69,1050675869228530048,1077418014194860032,1
70,1050679778227580032,930021583843560960,2
71,1050683581760860032,1077416131820579968,1
72,1050692180310560000,1071233934872870016,2
73,1050695927950540032,1072352278325820032,1
74,1050710362526119936,930020311925067008,1
75,1050713918276700032,1070189984758169984,1
76,1050716275836259968,1072765952437849984,1
77,1050720950249650048,1073513010564230016,1
78,1050731126184800000,1077418014194860032,1
79,1050731126184800000,1079218767259570048,1
80,1050732346890850048,1063340225477020032,2
81,1050732346890850048,1071233934872870016,2
82,1050734226555600000,1071233934872870016,1
83,1050736797785590016,1071233934872870016,1
84,1050749642459910016,1077842555702409984,1
85,1050754134987309952,1072767600983869952,1
86,1050754134987309952,1078891478315500032,1
87,1050755151854370048,1077744349974950016,1
88,1050764109390349952,1079213286902269952,1
89,1050781503533939968,1074173594280460032,1
90,1050788895499810048,1077744349974950016,1
91,1050884690446189952,1074115973322179968,1
92,1050884690446189952,1079988697420589952,1
93,1050888690612630016,1072352278325820032,1
94,1050890937799079936,930021583843560960,1
95,1050893357648249984,1071233934872870016,1
96,1050902242559849984,1077389675279219968,1
97,1050906296497270016,930021583843560960,1
98,1050908059065449984,1070190717700210048,1
99,1050909363821149952,1078878841011760000,1
100,1050909657292409984,1078152846591980032,2
101,1050911491176329984,1078891478315500032,1
102,1050922613669430016,1077744349974950016,1
103,1050922613669430016,1078878841011760000,1
104,1050922613669430016,1079979285209479936,1
105,1050922793844150016,1079988697420589952,1
106,1050925090770840064,1076114626446429952,1
107,1050926887279330048,925986591169645952,1
108,1050927029294269952,1072746380104109952,1
109,1050928909147769984,1071233934872870016,1
110,1050928909147769984,1074173594280460032,1
111,1050928909147769984,1076027018739510016,1
112,1050940284607719936,1061081280972649984,1
113,1050952841422770048,1071233934872870016,1
114,1050952841422770048,1074115973322179968,1
115,1050958448800370048,1079218767259570048,1
116,1050959781058119936,1057119644821810048,1
117,1050972957002759936,1074911558212060032,1
118,1050975011976839936,1071233934872870016,1
119,1050979140124080000,1071233934872870016,1
120,1050979140124080000,1079988697420589952,1
121,1050979140124080000,930020311925067008,2
122,1050982963274119936,1072045513977689984,1
123,1050982963274119936,1072054676204089984,1
124,1050982963274119936,1072352278325820032,1
125,1050982963274119936,1072744947178860032,1
126,1050984113016729984,1071233934872870016,1
127,1050984113016729984,1079979285209479936,1
128,1050984113016729984,930020311925067008,1
129,1050985063634759936,1063340225477020032,1
130,1050988807323709952,1067816065782840064,1
131,1050988807323709952,1077744349974950016,2
132,1051000263066840064,1071233934872870016,1
133,1051001609069330048,1062636078532460032,1
134,1051007104454819968,1067816065782840064,1
135,1051009949505750016,1078891478315500032,1
136,1051012997569379968,1077406774068310016,2
137,1051020412377430016,1079213286902269952,1
138,1051040349951160064,1080721476257120000,1
139,1051049982539399936,1054907065076610048,1
140,1051056349471900032,1079213286902269952,1
141,1051095839871660032,1072744947178860032,1
142,1051096132508249984,1077389675279219968,1
143,1051096132508249984,930021583843560960,1
144,1051099086124550016,1074115973322179968,1
145,1051104247186259968,925986591169645952,1
146,1051114665111779968,1076114626446429952,1
147,1051116317445260032,1078152846591980032,1
148,1051142784036169984,1072352278325820032,1
149,1051143172600690048,925980941496684032,1
150,1051151747838439936,1071233934872870016,1
151,1051187152692509952,1077389675279219968,1
152,1051187152692509952,930021583843560960,1
153,1051246622067980032,1072352278325820032,1
154,1051246622067980032,930021583843560960,1
155,1051247693351939968,1074173594280460032,1
156,1051253867405180032,1072045513977689984,1
157,1051255672998530048,1071233934872870016,1
158,1051266283895590016,1082903829821849984,1
159,1051268331462520064,930021583843560960,1
160,1051271193559100032,1063340225477020032,1
161,1051276653649529984,1072045513977689984,1
162,1051276653649529984,1072352278325820032,1
163,1051276653649529984,1072744947178860032,1
164,1051302904548359936,1072765952437849984,1
165,1051308853820460032,1078152846591980032,1
166,1051319053679920000,1078891478315500032,1
167,1051342064726380032,1072765952437849984,1
168,1051352513123520000,1071233934872870016,1
169,1051353544632889984,1063340225477020032,1
170,1051380202165299968,1062636078532460032,1
171,1051380202165299968,925986591169645952,1
172,1051396135600589952,1053542097324409984,1
173,1051396135600589952,1067317584555209984,1
174,1051411309501939968,1072045513977689984,1
175,1051425782992269952,1071233934872870016,1
176,1051442372500589952,1053542097324409984,1
177,1051467167799769984,1063340225477020032,1
178,1051481716984710016,1072054676204089984,1
179,1051483998707059968,1062636078532460032,1
180,1051488805190700032,1074911558212060032,1
181,1051496840109820032,1074173594280460032,1
182,1051507869527110016,1078878841011760000,1
183,1051635674646640000,930021583843560960,2
184,1051653107105200000,1057119644821810048,1
185,1051660038435830016,1067816065782840064,1
186,1051666008222269952,1077389675279219968,1
187,1051667378799180032,925986591169645952,1
188,1051708851401849984,1063340225477020032,1
189,1051723138446979968,1061081280972649984,1
190,1051723144214150016,1079988697420589952,1
191,1051729625022000000,1076114626446429952,1
192,1051750906970829952,1063340225477020032,1
193,1051750906970829952,1071233934872870016,1
194,1051756207866439936,930020311925067008,2
195,1051763430944470016,1071233934872870016,1
196,1051763430944470016,1079979285209479936,1
197,1051804233377049984,1063340225477020032,1
198,1051804233377049984,1072054676204089984,1
199,1051804233377049984,1079213286902269952,1
200,1051823036844540032,1067816065782840064,1
201,1051830227127299968,1071233934872870016,1
202,1051830227127299968,1072054676204089984,1
203,1051844730946649984,1063090361786759936,1
204,1051844730946649984,1067816065782840064,1
205,1051844730946649984,1079218767259570048,1
206,1051850726465139968,925984429119180032,1
207,1051882763645420032,1079213286902269952,1
208,1051990145323040000,1054907065076610048,1
209,1052015200086060032,930021583843560960,1
210,1052025796512780032,1054907065076610048,1
211,1052026256078470016,930021583843560960,1
212,1052031694480150016,1063334104817270016,1
213,1052053595143340032,1063255404587320064,1
214,1052055750885570048,1076027018739510016,1
215,1052055750885570048,1077418014194860032,3
216,1052106018083900032,1072352278325820032,1
217,1052106018083900032,1073513010564230016,1
218,1052126610493340032,1072054676204089984,1
219,1052130132253280000,1072765952437849984,1
220,1052130399438829952,1071233934872870016,2
221,1052136607004560000,1074911558212060032,3
222,1052154367650630016,1063340225477020032,1
223,1052154367650630016,1076027018739510016,1
224,1052157723509059968,1071233934872870016,1
225,1052157723509059968,1072325448805970048,1
226,1052157723509059968,1078152846591980032,1
227,1052157723509059968,1079218767259570048,1
228,1052157723509059968,1079988697420589952,1
229,1052157723509059968,930020311925067008,1
230,1052162143709890048,1072744947178860032,1
231,1052190755871849984,1072352278325820032,1
232,1052192319432880000,1073513010564230016,1
233,1052302940304370048,1072054676204089984,1
234,1052329150484909952,1072054676204089984,1
235,1052337834510320000,1077406774068310016,1
236,1052337834510320000,925984429119180032,1
237,1052374993455869952,1077418014194860032,1
238,1052412438083859968,1077744349974950016,1
239,1052412795782499968,1078878841011760000,1
240,1052413232271129984,1077744349974950016,1
241,1052438344093469952,1073513010564230016,1
242,1052438344093469952,930021583843560960,1
243,1052464133216210048,1057119644821810048,1
244,1052489675944560000,1067816065782840064,1
245,1052585764030840064,1074173594280460032,1
246,1052610422373420032,1063340225477020032,2
247,1052744258755299968,1054904167261340032,1
248,1052744258755299968,1077744349974950016,1
249,1052773166473080064,1072352278325820032,1
250,1052783484020519936,925984429119180032,1
251,1052805893796720000,1063340225477020032,1
252,1052805893796720000,1077418014194860032,1
253,1052814134295459968,1063340225477020032,1
254,1052814134295459968,1067816065782840064,2
255,1052814134295459968,1078891478315500032,1
256,1052824556260099968,1072054676204089984,1
257,1052824556260099968,1074173594280460032,1
258,1052829165347209984,1063340225477020032,11
259,1052847845527320064,1074115973322179968,1
260,1052847845527320064,1079213286902269952,1
261,1052854983960099968,1072045513977689984,1
262,1052872057231049984,1079213286902269952,2
263,1052891887975859968,1077418014194860032,1
264,1052895684194269952,1074173594280460032,1
265,1052900057146259968,1072352278325820032,1
266,1052939288275120000,1057119644821810048,1
267,1052939288275120000,1078152846591980032,1
268,1053131688809400064,1072325448805970048,1
269,1053145946846720000,1079212944319900032,1
270,1053162941323480064,1072054676204089984,1
271,1053186718858019968,1063334104817270016,1
272,1053188936566899968,1076114626446429952,1
273,1053198803272790016,1063340225477020032,1
274,1053198803272790016,1076114626446429952,1
275,1053198803272790016,925984429119180032,1
276,1053201464596429952,1072352278325820032,1
277,1053222279052329984,1076114626446429952,3
278,1053222279052329984,1079979285209479936,2
279,1053263164737650048,1071233934872870016,1
280,1053267134143069952,1072352278325820032,1
281,1053322735409760000,1067317584555209984,1
282,1053457717352530048,1079213286902269952,1
283,1053494193750599936,1067816065782840064,1
284,1053563697729959936,1079988697420589952,1
285,1053565388525209984,1077744349974950016,1
286,1053565388525209984,1079213286902269952,1
287,1053565388525209984,1079979285209479936,1
288,1053604876601330048,1057119644821810048,1
289,1053631382861970048,1082315993301190016,1
290,1053631382861970048,930021583843560960,1
291,1053642507385110016,1071233934872870016,1
292,1053648861785030016,1078878841011760000,1
293,1053688464256600064,1074173594280460032,1
294,1053849047228550016,1078891478315500032,1
295,1053894800625959936,1071233934872870016,1
296,1053894800625959936,1072767600983869952,1
297,1053954737154620032,1071233934872870016,1
298,1053954737154620032,1079213286902269952,1
299,1054177234961629952,1067816065782840064,1
300,1054185713541639936,1071233934872870016,2
301,1054194718896880000,1077744349974950016,1
302,1054194718896880000,1078152846591980032,1
303,1054194718896880000,1078878841011760000,1
304,1054194718896880000,1078891478315500032,1
305,1054226794006249984,1073513010564230016,1
306,1054273463322210048,1073513010564230016,1
307,1054280481726589952,1072054676204089984,1
308,1054280481726589952,1078545702708120064,1
309,1054280669727879936,1070189984758169984,2
310,1054280669727879936,930021583843560960,1
311,1054317577367520000,1079988697420589952,1
312,1054511541068560000,1072325448805970048,1
313,1054517814837180032,1063719142226460032,1
314,1054517814837180032,1073513010564230016,1
315,1054517814837180032,1074911558212060032,1
316,1054517814837180032,1077389675279219968,1
317,1054517814837180032,1077416131820579968,1
318,1054517814837180032,925986591169645952,1
319,1054572613075010048,1072744947178860032,1
320,1054612917807280000,1063340225477020032,1
321,1054639548227709952,1074922684698130048,1
322,1054705827563239936,1072352278325820032,1
323,1054705827563239936,1073513010564230016,1
324,1054906319878809984,1072352278325820032,1
325,1054923137515320064,1077418014194860032,1
326,1054932747252989952,1074911558212060032,1
327,1054932747252989952,1077424061584310016,1
328,1054932747252989952,925986591169645952,1
329,1054933944160550016,1079988697420589952,1
330,1054940745916550016,930021583843560960,1
331,1055056029436409984,1063340225477020032,1
332,1055064871217990016,1072765952437849984,1
333,1055095482544620032,1072744947178860032,1
334,1055104859062210048,1079988697420589952,1
335,1055241976539049984,1072325448805970048,1
336,1055275066825180032,1057119644821810048,1
337,1055275066825180032,1072054676204089984,1
338,1055305705171520000,1074173594280460032,2
339,1055323549791750016,1077406774068310016,1
340,1055350725689799936,1054907065076610048,1
341,1055419383111810048,1072744947178860032,2
342,1055467085098969984,1071233934872870016,1
343,1055467085098969984,1072352278325820032,3
344,1055489645199030016,1062343120067299968,1
345,1055496826136889984,1063340225477020032,1
346,1055541155178019968,1078878841011760000,1
347,1055650127402829952,1072325448805970048,3
348,1055680765271010048,925980941496684032,1
349,1055708729018739968,1063340225477020032,4
350,1055826623174080000,1071233934872870016,1
351,1055947048025650048,1063255404587320064,1
352,1056054120247520000,1053542097324409984,1
353,1056054120247520000,1062343120067299968,2
354,1056054120247520000,1063322720062729984,1
355,1056084110200600064,1072765952437849984,1
356,1056319497250599936,930020311925067008,1
357,1056447377498499968,1072054676204089984,1
358,1056476723034520064,1063340225477020032,1
359,1056751960015830016,1072054676204089984,1
360,1056775737093190016,1072045513977689984,1
361,1056796396372429952,1057119644821810048,1
362,1056815447802969984,1070189984758169984,1
363,1056826836663730048,930021583843560960,1
364,1056839677747719936,925980941496684032,1
365,1057041333168960000,1054617277845010048,1
366,1057094064554439936,1074911558212060032,2
367,1057139558743869952,1063340225477020032,1
368,1057155234422390016,1074911558212060032,1
369,1057213437789139968,1067816065782840064,1
370,1057466968962040064,1072054676204089984,1
371,1057466968962040064,1077744349974950016,1
372,1057491501320310016,1063340225477020032,1
373,1057491501320310016,1078152846591980032,1
374,1057491501320310016,1079218767259570048,1
375,1057491501320310016,930020311925067008,1
376,1057532146722339968,1067816065782840064,1
377,1057554984867000064,1072746380104109952,1
378,1057554984867000064,1076114626446429952,1
379,1057554984867000064,1077418014194860032,1
380,1057603131655910016,1079218767259570048,5
381,1057604013902589952,1078878841011760000,1
382,1057608095555980032,925980941496684032,1
383,1057608095555980032,930021583843560960,1
384,1057611030591500032,1076114626446429952,1
385,1057633532030019968,1057119644821810048,2
386,1057680786778550016,1072352278325820032,1
387,1057911334469959936,1063719142226460032,1
388,1057911334469959936,930021583843560960,1
389,1057918086779309952,1072767600983869952,1
390,1058130755075510016,930022039676324992,1
391,1058261839960409984,1076027018739510016,1
392,1058289369299879936,1076027018739510016,1
393,1058345323542409984,1072045513977689984,1
394,1058376965686360064,1072352278325820032,1
395,1058530204562029952,1072054676204089984,3
396,1058530204562029952,1077744349974950016,1
397,1058599571169539968,1077416131820579968,1
398,1058629756560409984,1079979285209479936,1
399,1058654509279020032,1067317584555209984,2
400,1058654509279020032,1072045513977689984,1
401,1058654509279020032,1072352278325820032,1
402,1058869149304950016,1071233934872870016,1
403,1058869149304950016,1072054676204089984,1
404,1058894869569799936,1079988697420589952,1
405,1059012782834380032,1072767600983869952,1
406,1059233007513170048,1072054676204089984,1
407,1059233007513170048,1074115973322179968,1
408,1059335901746889984,1078878841011760000,1
409,1059351574107719936,1074173594280460032,2
410,1059610264337449984,1067816065782840064,1
411,1059686787526489984,1079213286902269952,1
412,1059706228045840000,1063340225477020032,1
413,1059775120248210048,1071233934872870016,2
414,1060078486824220032,1073513010564230016,1
415,1060083370231399936,1057119644821810048,1
416,1060083825976080000,1057119644821810048,1
417,1060098736781330048,1072054676204089984,1
418,1060098736781330048,1072352278325820032,1
419,1060139418350850048,1071233934872870016,1
420,1060139418350850048,1072054676204089984,1
421,1060161057234940032,1067816065782840064,1
422,1060287576154370048,930020311925067008,1
423,1060339146669750016,1072352278325820032,1
424,1060341448784800000,1077418014194860032,1
425,1060341448784800000,925980941496684032,1
426,1060344959966710016,1074911558212060032,1
427,1060421973943840000,1063340225477020032,1
428,1060472371912179968,1079213286902269952,1
429,1060492221028039936,1071233934872870016,2
430,1060492221028039936,1079213286902269952,1
431,1060495262812800000,1071233934872870016,1
432,1060533084496130048,1072045513977689984,1
433,1060558620136109952,1074911558212060032,1
434,1060558620136109952,925986591169645952,1
435,1060730523345810048,1071233934872870016,1
436,1060730523345810048,1072054676204089984,1
437,1060730523345810048,1074115973322179968,1
438,1060780776333840000,1071233934872870016,2
439,1060780776333840000,1072054676204089984,2
440,1061081495737789952,1076027018739510016,1
441,1061140576435500032,1072765952437849984,1
442,1061197328107500032,925980941496684032,1
443,1061539828424829952,1063340225477020032,1
444,1061539828424829952,1070189984758169984,1
445,1061567804906470016,1078878841011760000,2
446,1061567804906470016,1078891478315500032,3
447,1061578734583219968,1077406774068310016,1
448,1061764896941740032,1067816065782840064,1
449,1061887892230569984,1067816065782840064,1
450,1061892527699849984,1063340225477020032,1
451,1061892527699849984,1074115973322179968,1
452,1061932949407069952,1078878841011760000,1
453,1062139432170220032,1077406774068310016,1
454,1062183150751379968,925980941496684032,1
455,1062191394869799936,1073513010564230016,1
456,1062225274968540032,1054907065076610048,1
457,1062256369902620032,930021583843560960,1
458,1062283130010930048,1072352278325820032,1
459,1062342334809699968,1071233934872870016,2
460,1062543563296930048,1078891478315500032,1
461,1062554933941830016,1062636078532460032,1
462,1062565857641689984,1071233934872870016,1
463,1062578598423100032,1074115973322179968,1
464,1062599119420320000,1072352278325820032,1
465,1062599119420320000,1072744947178860032,1
466,1062740895795840000,1063340225477020032,1
467,1062888057041120000,1067816065782840064,1
468,1062888057041120000,1072325448805970048,1
469,1062888358271840000,1062636078532460032,1
470,1062903306108600064,1079979285209479936,1
471,1062936770950269952,1072325448805970048,2
472,1062982084637820032,1072054676204089984,1
473,1062982084637820032,1079979285209479936,1
474,1063020870679719936,1062343120067299968,1
475,1063020870679719936,1067816065782840064,1
476,1063174421104099968,1077744349974950016,1
477,1063242006315200000,930021583843560960,1
478,1063250000381799936,1062636078532460032,1
479,1063289587128930048,1062343120067299968,1
480,1063393252493820032,1063340225477020032,1
481,1063418567395970048,1071233934872870016,1
482,1063418567395970048,1072054676204089984,2
483,1063422453670279936,1067317584555209984,1
484,1063660206790080000,1063340225477020032,1
485,1063660206790080000,1078878841011760000,3
486,1063660206790080000,1078891478315500032,2
487,1063660206790080000,930021583843560960,1
488,1063727389364780032,1063340225477020032,1
489,1063727389364780032,1079988697420589952,1
490,1063812034664140032,1077418014194860032,1
491,1063961950489209984,1063340225477020032,3
492,1064006842162669952,1067317584555209984,1
493,1064006842162669952,1072352278325820032,1
494,1064123344601810048,1057119644821810048,1
495,1064123344601810048,1072325448805970048,1
496,1064123344601810048,1079218767259570048,1
497,1064125622729639936,1072045513977689984,1
498,1064410774420649984,1077842555702409984,1
499,1064445434336969984,1072054676204089984,2
500,1064445434336969984,1074173594280460032,1
501,1064445434336969984,1079979285209479936,1
502,1064528420273190016,1067317584555209984,1
503,1064695588793149952,1067816065782840064,1
504,1064695588793149952,1077418014194860032,1
505,1064794535830290048,1072765952437849984,1
506,1064797013581820032,930021583843560960,1
507,1064805377850279936,1072352278325820032,1
508,1065042873167180032,1074173594280460032,1
509,1065060991402840064,1072352278325820032,1
510,1065060991402840064,1072744947178860032,1
511,1065085707614220032,1057119644821810048,1
512,1065085707614220032,1063340225477020032,4
513,1065085707614220032,1078878841011760000,1
514,1065085707614220032,1078891478315500032,1
515,1065130728803600000,1079988697420589952,1
516,1065151490113469952,930021583843560960,1
517,1065230898492930048,1079213286902269952,1
518,1065415201399049984,1077406774068310016,1
519,1065435105808419968,1071233934872870016,1
520,1065492325581520000,1074115973322179968,1
521,1065513820223500032,1076027018739510016,2
522,1065513820223500032,1076114626446429952,1
523,1065550421796390016,1067816065782840064,1
524,1065807652844530048,1072767600983869952,1
525,1065945610323030016,1072352278325820032,1
526,1065952516441699968,925984429119180032,1
527,1066699196338339968,1072352278325820032,1
528,1066868838159680000,1074911558212060032,1
529,1066868838159680000,1079979285209479936,1
530,1066961068841040000,1067317584555209984,1
531,1066971558635960064,1057119644821810048,1
532,1066973246918819968,1057119644821810048,1
533,1067063283303910016,1072054676204089984,1
534,1067254407213680000,1072054676204089984,1
535,1067276219456749952,1078891478315500032,1
536,1067287716446669952,1063340225477020032,1
537,1067315834762889984,1078152846591980032,1
538,1067315834762889984,930022039676324992,1
539,1067318424745609984,1070189984758169984,1
540,1067407713802189952,1070189984758169984,1
541,1067659769238579968,1067816065782840064,1
542,1067702042609379968,1063340225477020032,2
543,1067702042609379968,1072352278325820032,1
544,1067702042609379968,1076114626446429952,2
545,1067740741707559936,930021583843560960,1
546,1067783204929340032,930020311925067008,1
547,1067911670190370048,1057119644821810048,1
548,1067911670190370048,1072746380104109952,1
549,1067911670190370048,1079979285209479936,1
550,1067911670190370048,930020311925067008,1
551,1067934732566720000,1072352278325820032,1
552,1067977541034249984,1072325448805970048,1
553,1068000334450850048,1071233934872870016,2
554,1068033402054179968,1077418014194860032,1
555,1068035742643580032,1063340225477020032,1
556,1068035742643580032,1067816065782840064,3
557,1068082852084640000,1078878841011760000,1
558,1068129022483949952,1063340225477020032,1
559,1068157802044780032,1073513010564230016,2
560,1068637973948460032,1079213286902269952,1
561,1068665015553289984,1072767600983869952,1
562,1068750453714520064,1074173594280460032,1
563,1068790873689490048,1054904167261340032,1
564,1069398692600019968,1076114626446429952,1
565,1069408182359619968,1079218767259570048,1
566,1069408182359619968,1079979285209479936,1
567,1069432634162080000,1072054676204089984,1
568,1069550833666950016,1072352278325820032,1
569,1069719947903559936,1074115973322179968,1
570,1069758480664029952,1062636078532460032,1
571,1069770354348589952,1074115973322179968,1
572,1069834322387730048,1072352278325820032,1
573,1069858849868019968,1072767600983869952,1
574,1069904189887410048,1067816065782840064,1
575,1069992024258710016,1072767600983869952,1
576,1070500232488349952,1071233934872870016,1
577,1070522225900189952,1077744349974950016,1
578,1070645583815970048,1063340225477020032,1
579,1070953758335239936,925980941496684032,1
580,1070970907611170048,1078891478315500032,2
581,1070992287736070016,1077390723490320000,1
582,1070992287736070016,930021583843560960,1
583,1071098707429100032,1072054676204089984,1
584,1071217598377560064,1063340225477020032,2
585,1071263044206659968,1062343120067299968,1
586,1071263044206659968,1062636078532460032,1
587,1071263044206659968,1063340225477020032,1
588,1071263044206659968,1067816065782840064,1
589,1071283931416950016,1062636078532460032,1
590,1071283931416950016,925980941496684032,1
591,1071304091712419968,1079218767259570048,2
592,1071550979376220032,1072054676204089984,1
593,1071715184037400064,1072045513977689984,1
594,1071715184037400064,1072054676204089984,2
595,1072012635923350016,1067816065782840064,2
596,1072111886556790016,1077416131820579968,1
597,1072113482694979968,1072054676204089984,1
598,1072113482694979968,1074115973322179968,2
599,1072301982287459968,1079979285209479936,1
600,1072406835512800000,1074911558212060032,2
601,1072406835512800000,925984429119180032,1
602,1072429833686940032,1063340225477020032,1
603,1072454065783369984,1079979285209479936,1
604,1072519328864210048,1071233934872870016,1
605,1072655921126109952,1057119644821810048,4
606,1072655921126109952,1076027018739510016,2
607,1072655921126109952,1076114626446429952,1
608,1072676098156850048,1077418014194860032,1
609,1072742543330969984,1063719142226460032,1
610,1072746378166339968,1062636078532460032,1
611,1072749502486610048,930022039676324992,1
612,1073020023799350016,1062636078532460032,1
613,1073045307802060032,1077842555702409984,3
614,1073045307802060032,1079213286902269952,3
615,1073125474662680064,1063340225477020032,1
616,1073125474662680064,1077416131820579968,1
617,1073151996253500032,1077418014194860032,1
618,1073535766123049984,1072744947178860032,1
619,1073535895794150016,1074560135796419968,1
620,1073554455534829952,1063340225477020032,1
621,1073567341661449984,1077418014194860032,1
622,1073568920674300032,1054617277845010048,2
623,1073570582658870016,1063340225477020032,1
624,1073570582658870016,1067816065782840064,1
625,1073573301855520000,1072352278325820032,1
626,1073621860470550016,1073513010564230016,1
627,1073740273448710016,1079979285209479936,1
628,1073775490322460032,1073513010564230016,1
629,1073778765411190016,1074115973322179968,1
630,1073812914851350016,1078152846591980032,1
631,1073835682636560000,1073513010564230016,2
632,1073915026801229952,1063340225477020032,1
633,1073944802609920000,1071233934872870016,1
634,1073957326407399936,1063340225477020032,1
635,1074077369988349952,1057119644821810048,1
636,1074077369988349952,1074173594280460032,1
637,1074100592293510016,1079218767259570048,2
638,1074225060647069952,1072054676204089984,1
639,1074317081541929984,1071233934872870016,1
640,1074459053330070016,1077418014194860032,1
641,1074490049840610048,1054617277845010048,1
642,1074490049840610048,1072352278325820032,1
643,1074555688093549952,1078878841011760000,2
644,1074571878123760000,1074173594280460032,1
645,1074588169190569984,1067816065782840064,1
646,1074588169190569984,1079218767259570048,1
647,1074603554115750016,930021583843560960,1
648,1074610202888700032,1063340225477020032,1
649,1074627459245209984,1078878841011760000,1
650,1074677480309190016,1072352278325820032,1
651,1074916151985769984,1067816065782840064,1
652,1074920753959340032,1063340225477020032,1
653,1074920753959340032,1073513010564230016,1
654,1074926163323849984,1072767600983869952,1
655,1074927769650000000,1072054676204089984,1
656,1074948422319010048,1071233934872870016,1
657,1074948422319010048,1072054676204089984,1
658,1074970701794969984,1072054676204089984,2
659,1074981858765240064,1078878841011760000,1
660,1075183965149660032,1072054676204089984,1
661,1075207804466300032,1063340225477020032,5
662,1075207804466300032,1067816065782840064,1
663,1075207804466300032,1072054676204089984,1
664,1075207804466300032,1079218767259570048,1
665,1075207804466300032,1079979285209479936,1
666,1075207804466300032,930020311925067008,1
667,1075225645877890048,1072352278325820032,1
668,1075226435212339968,1071233934872870016,1
669,1075226435212339968,1072767600983869952,1
670,1075226435212339968,930021583843560960,2
671,1075252910099590016,1073513010564230016,1
672,1075299038052550016,1072352278325820032,1
673,1075318199319330048,1072744947178860032,1
674,1075334062248359936,1062343120067299968,1
675,1075360155625910016,930021583843560960,1
676,1075366981977309952,1072045513977689984,2
677,1075379215621229952,1072054676204089984,1
678,1075396451090099968,930022039676324992,1
679,1075412441437900032,1072045513977689984,1
680,1075572365774089984,1074115973322179968,1
681,1075576832896600064,1070612414790169984,1
682,1075580790176280064,1077406774068310016,1
683,1075584213277799936,1072054676204089984,1
684,1075584213277799936,1072352278325820032,1
685,1075584213277799936,1074115973322179968,1
686,1075594501737740032,1067816065782840064,1
687,1075596403594560000,1072767600983869952,1
688,1075596403594560000,1077406774068310016,2
689,1075646943275840000,1067816065782840064,1
690,1075650407166969984,1062343120067299968,1
691,1075664315978150016,1071233934872870016,1
692,1075664315978150016,1072054676204089984,1
693,1075671103070860032,930021583843560960,1
694,1075693179043379968,1067317584555209984,1
695,1075695705272679936,1072744947178860032,4
696,1075695934566889984,1050049784421869952,1
697,1075695934566889984,1063719142226460032,1
698,1075703140553129984,1062343120067299968,1
699,1075706535699609984,1072045513977689984,1
700,1075718140239869952,1076027018739510016,1
701,1075724856390119936,1067816065782840064,1
702,1075724856390119936,1072045513977689984,1
703,1075724856390119936,1072744947178860032,1
704,1075752670610909952,1054904167261340032,1
705,1075752670610909952,1074115973322179968,1
706,1075752670610909952,930020311925067008,1
707,1075757509608800000,1067317584555209984,1
708,1075757509608800000,925980941496684032,1
709,1075769909737229952,1063098050990370048,1
710,1075902286958489984,1077416131820579968,1
711,1075908185009750016,1074115973322179968,1
712,1075918678969609984,1057119644821810048,1
713,1075935945501510016,1074115973322179968,1
714,1075946528967820032,1062636078532460032,2
715,1075946528967820032,1070189984758169984,1
716,1075953902491340032,1067317584555209984,1
717,1075958503676380032,1072325448805970048,1
718,1075992096024889984,1062636078532460032,1
719,1076022213308640000,1071233934872870016,1
720,1076040790577309952,930021583843560960,1
721,1076060711982009984,1072744947178860032,1
722,1076072555861830016,1074173594280460032,1
723,1076075143307000064,1067816065782840064,1
724,1076075143307000064,1070189984758169984,1
725,1076075143307000064,925980941496684032,1
726,1076082687605799936,1067816065782840064,1
727,1076082687605799936,1072054676204089984,1
728,1076088045954989952,1063098050990370048,1
729,1076088045954989952,930021583843560960,2
730,1076096830282989952,1067816065782840064,1
731,1076096984377520000,1072352278325820032,1
732,1076097511647670016,1067816065782840064,1
733,1076100930890429952,1073513010564230016,1
734,1076104989873600000,1072352278325820032,1
735,1076133554174360064,1072744947178860032,1
736,1076133554174360064,1073513010564230016,1
737,1076142392067820032,1072325448805970048,1
738,1076142392067820032,1078878841011760000,1
739,1076146223996530048,930021583843560960,1
740,1076246309858509952,1062636078532460032,1
741,1076276405549990016,1076027018739510016,1
742,1076306036265120000,1072054676204089984,1
743,1076306036265120000,930021583843560960,1
744,1076308694438840064,1062636078532460032,1
745,1076315811539389952,1062636078532460032,1
746,1076317135068790016,1067317584555209984,1
747,1076317135068790016,1070189984758169984,1
748,1076321884803500032,1074173594280460032,1
749,1076324156363049984,1067317584555209984,1
750,1076324156363049984,1070189984758169984,1
751,1076326646512940032,1067816065782840064,1
752,1076335229359160064,1062343120067299968,1
753,1076335420506179968,1072767600983869952,1
754,1076363404965379968,1067317584555209984,2
755,1076363404965379968,1072045513977689984,1
756,1076368313685180032,1067816065782840064,1
757,1076368313685180032,1078891478315500032,1
758,1076376194195190016,1074115973322179968,2
759,1076379010846489984,1067317584555209984,1
760,1076409561951299968,1067816065782840064,1
761,1076447975434160000,1053542097324409984,1
762,1076480249911379968,1067816065782840064,1
763,1076480249911379968,1077406774068310016,2
764,1076635210578200064,1079213286902269952,1
765,1076636698876640000,1070189984758169984,1
766,1076723333928649984,1072045513977689984,1
767,1076723333928649984,1072054676204089984,1
768,1076739744906409984,1062636078532460032,1
769,1076784254055149952,1072352278325820032,1
770,1076792805460870016,1053542097324409984,1
771,1076796344249680000,1063340225477020032,1
772,1076803319310119936,1070189984758169984,1
773,1077023384076880000,1072045513977689984,1
774,1077023384076880000,1072352278325820032,1
775,1077037557989049984,1067317584555209984,2
776,1077039325879789952,1063340225477020032,1
777,1077039325879789952,1071233934872870016,1
778,1077051965855299968,1063340225477020032,1
779,1077085844553139968,1077416131820579968,1
780,1077127978496880000,1073513010564230016,2
781,1077135178917280000,1072746380104109952,1
782,1077141731225440000,1062636078532460032,1
783,1077147141680460032,1072045513977689984,1
784,1077178007794290048,1062636078532460032,1
785,1077180632073830016,930021583843560960,1
786,1077198209235879936,1061081280972649984,4
787,1077206249423040000,1063340225477020032,1
788,1077230395313949952,1077406774068310016,1
789,1077337629314320000,930021583843560960,1
790,1077369189711280000,1072054676204089984,1
791,1077379908833970048,1063340225477020032,1
792,1077383519508950016,1072352278325820032,1
793,1077406237172240000,1062636078532460032,1
794,1077406237172240000,1063322720062729984,1
795,1077414146299990016,1067816065782840064,1
796,1077414146299990016,1072045513977689984,1
797,1077414146299990016,1072054676204089984,1
798,1077414146299990016,1072352278325820032,1
799,1077420609277849984,1071233934872870016,1
800,1077429005100060032,930020311925067008,1
801,1077450688125010048,1054617277845010048,1
802,1077468406416999936,1063340225477020032,1
803,1077468406416999936,1077416131820579968,1
804,1077469352962360064,1061081280972649984,1
805,1077469352962360064,1067317584555209984,1
806,1077469352962360064,1072045513977689984,1
807,1077469352962360064,930021583843560960,1
808,1077475062613869952,1072744947178860032,1
809,1077480644414599936,1072352278325820032,1
810,1077506164242050048,1076048418560870016,2
811,1077565394949049984,1067317584555209984,1
812,1077577478814370048,1072054676204089984,1
813,1077587501959410048,930021583843560960,1
814,1077804976806360064,930021583843560960,1
815,1077829897716560000,1078152846591980032,1
816,1077829897716560000,930022039676324992,2
817,1077836158260540032,1073513010564230016,1
818,1077844949202960000,925986591169645952,1
819,1077852541220359936,1076027018739510016,1
820,1077864878044150016,1074911558212060032,1
821,1077886650437139968,1074911558212060032,1
822,1077895398408909952,1076027018739510016,1
823,1077913042314919936,1077418014194860032,1
824,1077919197028220032,1067816065782840064,1
825,1077930554356199936,1073513010564230016,1
826,1077936100752819968,1072352278325820032,1
827,1077936100752819968,1072746380104109952,1
828,1077946758105990016,1063719142226460032,1
829,1077946758105990016,925986591169645952,1
830,1077946758105990016,930021583843560960,1
831,1077947010481449984,925984429119180032,1
832,1078024428034520064,1077416131820579968,1
833,1078024428034520064,1077424061584310016,1
834,1078067684285939968,1078152846591980032,1
835,1078102057697740032,1067816065782840064,1
836,1078109460531049984,1077418014194860032,1
837,1078115021825830016,1077418014194860032,1
838,1078115021825830016,1077424061584310016,1
839,1078115021825830016,925984429119180032,1
840,1078115021825830016,925986591169645952,1
841,1078118949007200000,1072352278325820032,1
842,1078131718515389952,1072767600983869952,1
843,1078148149093139968,1076027018739510016,1
844,1078159835225190016,1063340225477020032,1
845,1078164289383100032,1073513010564230016,1
846,1078186448952290048,1073513010564230016,1
847,1078186448952290048,1076027018739510016,2
848,1078187497809309952,1063340225477020032,1
849,1078187497809309952,1067816065782840064,1
850,1078187497809309952,1077418014194860032,1
851,1078187497809309952,930021583843560960,1
852,1078188634021100032,1063340225477020032,1
853,1078189068743929984,1072352278325820032,1
854,1078189068743929984,930021583843560960,1
855,1078189383018940032,1072765952437849984,1
856,1078193769426249984,1063340225477020032,1
857,1078193769426249984,930021583843560960,2
858,1078204085375660032,1077400281642240000,1
859,1078204639875229952,1054617277845010048,1
860,1078232674154380032,1063340225477020032,1
861,1078236950113090048,1077418014194860032,1
862,1078243709116550016,1063340225477020032,1
863,1078275276387970048,1067816065782840064,1
864,1078275276387970048,1078891478315500032,1
865,1078275276387970048,925984429119180032,1
866,1078275276387970048,930021583843560960,1
867,1078299667960230016,1077389675279219968,1
868,1078446835270480000,1076027018739510016,1
869,1078446835270480000,925986591169645952,1
870,1078459696164169984,1074115973322179968,1
871,1078493041921159936,1077418014194860032,1
872,1078494510489600000,1071233934872870016,1
873,1078494510489600000,1072352278325820032,1
874,1078494510489600000,1072765952437849984,3
875,1078552715173360000,1076027018739510016,1
876,1078562659817820032,1074115973322179968,1
877,1078568116032700032,1063340225477020032,1
878,1078573318374749952,1079218767259570048,1
879,1078580549702969984,1072352278325820032,2
880,1078580549702969984,1073513010564230016,1
881,1078585516320950016,1076114626446429952,1
882,1078594170340310016,1077424061584310016,1
883,1078682319389260032,1078891478315500032,1
884,1078804340085420032,1076027018739510016,1
885,1078895392947500032,1071233934872870016,1
886,1078895392947500032,1073513010564230016,1
887,1078939394736450048,1072325448805970048,1
888,1078950731558489984,1076114626446429952,1
889,1078959455056489984,1072352278325820032,1
890,1078965801638230016,1072352278325820032,1
891,1078973745381570048,1072352278325820032,2
892,1078973745381570048,1073513010564230016,1
893,1078981348903939968,1077390723490320000,1
894,1079001567768669952,1077416131820579968,4
895,1079001567768669952,1077418014194860032,2
896,1079029781299789952,1067816065782840064,1
897,1079066946016710016,1072352278325820032,1
898,1079168942530950016,1074911558212060032,2
899,1079178599806860032,1076027018739510016,1
900,1079243956269680000,1071233934872870016,1
901,1079243956269680000,1072054676204089984,1
902,1079243956269680000,1074173594280460032,2
903,1079243956269680000,1077744349974950016,1
904,1079243956269680000,930020311925067008,1
905,1079244712255219968,1072352278325820032,1
906,1079288882369990016,1074173594280460032,1
907,1079308624757590016,1083918376745629952,1
908,1079491403340380032,1054617277845010048,1
909,1079491403340380032,1063340225477020032,1
910,1079496935954509952,1073513010564230016,1
911,1079583424101020032,1076114626446429952,1
912,1079607138012169984,1074173594280460032,1
913,1079607138012169984,1077406774068310016,1
914,1079641301809430016,1077418014194860032,1
915,1079654552228130048,1057119644821810048,1
916,1079697065492150016,1077400281642240000,1
917,1079697962410509952,1074911558212060032,2
918,1079707237279139968,1074173594280460032,4
919,1079892348448600064,1076114626446429952,1
920,1079975063596370048,1072325448805970048,1
921,1080003248765600000,1063719142226460032,1
922,1080060878309619968,1063340225477020032,1
923,1080255629201830016,1074173594280460032,1
924,1080269448498179968,1063340225477020032,1
925,1080273432659160064,1079218767259570048,1
926,1080282970531629952,1063340225477020032,1
927,1080282970531629952,1067816065782840064,1
928,1080282970531629952,1072352278325820032,1
929,1080283652160550016,925986591169645952,1
930,1080291772580560000,1072352278325820032,1
931,1080291772580560000,1077424061584310016,1
932,1080291772580560000,930021583843560960,1
933,1080304969689660032,930021583843560960,1
934,1080340245543709952,1073513010564230016,1
935,1080340385989980032,1072325448805970048,1
936,1080349630714150016,1074173594280460032,1
937,1080355674450360064,1079979285209479936,1
938,1080362456694460032,1079218767259570048,1
939,1080363357769369984,1077424061584310016,1
940,1080448669568790016,930021583843560960,1
941,1080459719622070016,1067816065782840064,1
942,1080621070713680000,1078891478315500032,1
943,1080622709671529984,1063340225477020032,1
944,1080653929562310016,1072054676204089984,1
945,1080653929562310016,1079218767259570048,2
946,1080660668579900032,1063340225477020032,1
947,1080674236104770048,1071233934872870016,2
948,1080674236104770048,1072054676204089984,1
949,1080674236104770048,1072325448805970048,1
950,1080712456460889984,1072054676204089984,2
951,1080719786690800000,930021583843560960,1
952,1080720463655660032,1074173594280460032,1
953,1080720463655660032,1079979285209479936,1
954,1080721307205699968,1072054676204089984,1
955,1080721307205699968,1079979285209479936,1
956,1080725189193430016,1067816065782840064,2
957,1080734419749240064,1063340225477020032,2
958,1080734419749240064,1067816065782840064,1
959,1080734419749240064,1071233934872870016,1
960,1080746685743820032,1067816065782840064,1
961,1080746685743820032,1072325448805970048,1
962,1080762189460080000,1077406774068310016,1
963,1080819672618700032,1074173594280460032,1
964,1080819672618700032,1077744349974950016,1
965,1080843583691490048,930021583843560960,2
966,1080961558872390016,1063340225477020032,1
967,1080961558872390016,1079218767259570048,2
968,1081030311798700032,1057119644821810048,1
969,1081044172106960000,1079988697420589952,1
970,1081044172106960000,930021583843560960,1
971,1081044665579399936,1078891478315500032,2
972,1081045409317580032,1079218767259570048,1
973,1081053303970790016,1063340225477020032,1
974,1081089063981740032,1072325448805970048,1
975,1081094520880300032,1057119644821810048,2
976,1081102110674710016,1057119644821810048,1
977,1081123287635920000,1077744349974950016,1
978,1081129377144569984,1079979285209479936,2
979,1081138127037330048,1054907065076610048,1
980,1081143343451270016,930021583843560960,1
981,1081171669129689984,1077744349974950016,1
982,1081171669129689984,1078878841011760000,1
983,1081171669129689984,930021583843560960,1
984,1081191651070770048,930021583843560960,1
985,1081208834081490048,1078152846591980032,1
986,1081329729118729984,1077744349974950016,1
987,1081329729118729984,1079213286902269952,1
988,1081329729118729984,930021583843560960,1
989,1081329729118729984,930022039676324992,1
990,1081347265763800064,1072054676204089984,1
991,1081384079669129984,1063340225477020032,1
992,1081384079669129984,1072054676204089984,1
993,1081385277977590016,1072325448805970048,1
994,1081398812958850048,1063340225477020032,1
995,1081424742171340032,1054904167261340032,1
996,1081424742171340032,1063340225477020032,1
997,1081424742171340032,1078152846591980032,1
998,1081430880023539968,1078878841011760000,1
999,1081433639032519936,1063340225477020032,1
1000,1081433639032519936,1074560135796419968,1
1001,1081440668279180032,930020311925067008,1
1002,1081466969685820032,1072767600983869952,5
1003,1081472799709660032,1077406774068310016,1
1004,1081492590520499968,1071233934872870016,1
1005,1081500262858819968,1079218767259570048,1
1006,1081536204994840064,1054639773994520064,1
1007,1081536204994840064,1063340225477020032,2
1008,1081536204994840064,1079212944319900032,4
1009,1081536204994840064,1079940145109600000,1
1010,1081536347445980032,1072054676204089984,1
1011,1081536347445980032,1072325448805970048,5
1012,1081539763710790016,1067816065782840064,2
1013,1081539763710790016,1072325448805970048,1
1014,1081547772025440000,1079218767259570048,1
1015,1081549431610870016,1072325448805970048,2
1016,1081592578042819968,1079979285209479936,1
1017,1081698819129799936,1079218767259570048,1
1018,1081708930845970048,1079218767259570048,1
1019,1081801383993209984,930020311925067008,1
1020,1081874500245590016,1078891478315500032,1
1021,1081876201870520064,930021583843560960,1
1022,1081904273265069952,1079979285209479936,1
1023,1081928055115549952,1078891478315500032,1
1024,1081947667710409984,1067816065782840064,1
1025,1082076337326320000,1054907065076610048,1
1026,1082091509050829952,1072325448805970048,1
1027,1082105461310819968,1079218767259570048,1
1028,1082138514276019968,1079979285209479936,1
1029,1082152407098520064,925986591169645952,2
1030,1082153217664550016,1078891478315500032,8
1031,1082153288254680064,1078878841011760000,1
1032,1082162395258880000,1078891478315500032,1
1033,1082174573819000064,1067816065782840064,1
1034,1082179776492400000,1079218767259570048,1
1035,1082188790173330048,1074115973322179968,1
1036,1082206010207170048,1079979285209479936,1
1037,1082215644095640064,1057119644821810048,1
1038,1082215644095640064,1072054676204089984,1
1039,1082215644095640064,930020311925067008,1
1040,1082215644095640064,930021583843560960,1
1041,1082260262430509952,1054907065076610048,1
1042,1082275328123010048,1057119644821810048,1
1043,1082431639066310016,1072054676204089984,1
1044,1082433226123840000,1071233934872870016,1
1045,1082461993386969984,1057119644821810048,1
1046,1082471381581500032,1054907065076610048,2
1047,1082471381581500032,1077744349974950016,1
1048,1082482308515170048,1079988697420589952,2
1049,1082484483853190016,1063340225477020032,1
1050,1082492630873469952,930021583843560960,1
1051,1082498710143830016,1078878841011760000,1
1052,1082523869315660032,930021583843560960,1
1053,1082527180290850048,1063340225477020032,1
1054,1082541094785319936,1072325448805970048,1
1055,1082590605549299968,1078152846591980032,1
1056,1082595891106349952,1067816065782840064,1
1057,1082595891106349952,1079212944319900032,3
1058,1082596525641629952,930021583843560960,2
1059,1082598226612259968,1072325448805970048,1
1060,1082603328379090048,1078545702708120064,1
1061,1082604927998560000,1072054676204089984,1
1062,1082604927998560000,1074911558212060032,2
1063,1082604927998560000,1077406774068310016,1
1064,1082611826261289984,1063340225477020032,1
1065,1082618559914380032,1079988697420589952,1
1066,1082618559914380032,930022039676324992,1
1067,1082620760292390016,1079218767259570048,1
1068,1082631178926749952,1063340225477020032,1
1069,1082631178926749952,1067816065782840064,1
1070,1082631178926749952,1074911558212060032,2
1071,1082650017810940032,1077744349974950016,1
1072,1082790304038320000,1079218767259570048,1
1073,1082792456043430016,1063340225477020032,1
1074,1082792456043430016,1071233934872870016,1
1075,1082799312799330048,1071233934872870016,1
1076,1082799312799330048,1078891478315500032,1
1077,1082844313155600000,1071233934872870016,1
1078,1082882104698669952,1057119644821810048,1
1079,1082898105100210048,1063340225477020032,1
1080,1082907787453859968,1078545702708120064,1
1081,1082908616999110016,1071233934872870016,1
1082,1082946327524999936,1071233934872870016,1
1083,1082966063457570048,1079213286902269952,1
1084,1082987024294669952,1074173594280460032,2
1085,1083000304471960064,1072767600983869952,1
1086,1083019134762019968,1079988697420589952,1
1087,1083191789540669952,1054904167261340032,1
1088,1083191789540669952,1071233934872870016,1
1089,1083191789540669952,1077744349974950016,1
1090,1083199760324690048,1071233934872870016,1
1091,1083212552847030016,1071233934872870016,1
1092,1083213193128509952,1079213286902269952,1
1093,1083245103544339968,1072054676204089984,1
1094,1083255940011059968,1063340225477020032,1
1095,1083257898730060032,1071233934872870016,2
1096,1083258828770840064,1071233934872870016,1
1097,1083263561208230016,1071233934872870016,1
1098,1083263561208230016,1072767600983869952,1
1099,1083271285828550016,1071233934872870016,1
1100,1083271285828550016,1072765952437849984,1
1101,1083274240355010048,1077406774068310016,1
1102,1083299147193319936,1074115973322179968,1
1103,1083310800446230016,1071233934872870016,1
1104,1083355091692489984,1079213286902269952,1
1105,1083522847301760000,1063340225477020032,1
1106,1083522847301760000,1072767600983869952,1
1107,1083542006186179968,1072767600983869952,1
1108,1083568277578380032,1072765952437849984,1
1109,1083595493309740032,1071233934872870016,1
1110,1083596097151110016,1071233934872870016,2
1111,1083596097151110016,1079213286902269952,1
1112,1083607658926240000,1071233934872870016,1
1113,1083614443061970048,1071233934872870016,1
1114,1083617929296150016,1074115973322179968,1
1115,1083627444217379968,1074115973322179968,1
1116,1083643757706940032,1074173594280460032,1
1117,1083646588958599936,1079988697420589952,1
1118,1083656568868760064,1074115973322179968,1
1119,1083666262941299968,1063340225477020032,1
1120,1083672019619350016,1077406774068310016,2
1121,1083680255399490048,930021583843560960,5
1122,1083686114506640000,1074115973322179968,1
1123,1083713579920720000,1074115973322179968,1
1124,1083719281162649984,1072054676204089984,1
1125,1083855279569830016,1072054676204089984,2
1126,1083855279569830016,1074115973322179968,1
1127,1083855279569830016,1074173594280460032,1
1128,1083873972219609984,1063340225477020032,1
1129,1083873972219609984,1071233934872870016,2
1130,1083888424797139968,1063340225477020032,1
1131,1083895494527219968,1074115973322179968,1
1132,1083916288397469952,1074173594280460032,2
1133,1083996847190640000,1054904167261340032,1
1134,1083996847190640000,1071233934872870016,1
1135,1083996847190640000,1074115973322179968,1
1136,1083996847190640000,1077406774068310016,1
1137,1083996847190640000,1077744349974950016,1
1138,1083996847190640000,1078152846591980032,1
1139,1083996847190640000,1079988697420589952,1
1140,1083996847190640000,930020311925067008,1
1141,1083996847190640000,930022039676324992,1
1142,1083998035411800064,1072767600983869952,1
1143,1084005322687840000,1071233934872870016,1
1144,1084022489152029952,1077744349974950016,1
1145,1084095433748320000,1074115973322179968,1
1146,1084112109579600000,1079212944319900032,1
1147,1084112109579600000,930022039676324992,1
1148,1084260542999229952,1071233934872870016,1
1149,1084513385656160000,1063340225477020032,2
1150,1084648379359760000,1074173594280460032,2
1151,1084688072847719936,1063340225477020032,2
1152,1084711656416669952,1077406774068310016,1
1153,1084714712302680064,930020311925067008,1
1154,1084741257893309952,930021583843560960,1
1155,1084755263903299968,930021583843560960,1
1156,1084761170972310016,1072054676204089984,1
1157,1084766055130269952,1077842555702409984,1
1158,1084781944177229952,1082903829821849984,1
1159,1084784305645880064,1077406774068310016,1
1160,1084784305645880064,1079979285209479936,1
1161,1084790150525939968,1082903829821849984,2
1162,1084812287651410048,1054904167261340032,1
1163,1084812287651410048,1082315993301190016,1
1164,959369599826071040,1062636078532460032,1
